1     0  -5.25
2    27  -1.50
3    71  59.50
4    95  32.50
5     0  -7.25
6    28  23.50
7    71  14.75
8    95  70.75
9     0  -6.25
10   29  33.00
11   72  63.00
12   95  18.25
13    0  11.50
14   31   4.25
15   72   0.00
16   95  76.00
17    2  21.00
18   32  18.75
19   73  42.00
20   95  75.75
21    2 -23.00
22   32   8.50
23   74  41.25
24   95  78.75
25    2   5.75
26   33   3.25
27   75  36.25
28   95  54.75
29    3   3.25
30   33  27.75
31   76  66.50
32   95  77.00
33    3   8.75
34   34  30.75
35   77  61.75
36   96  68.00
37    4   8.25
38   34  -1.50
39   77  14.00
40   96  73.00
41    4 -10.25
42   34   1.00
43   78  36.00
44   96  28.75
45    7 -10.50
46   34   7.75
47   78  39.50
48   96  26.75
49    8  19.75
50   35 -15.75
51   81   1.00
52   96  56.00
53    8  -0.50
54   36  33.50
55   82  53.50
56   96  47.50
57    8  29.25
58   36  36.25
59   84  46.50
60   96  30.25
61    8  36.25
62   37   5.50
63   85  51.00
64   96  21.00
65    9  10.75
66   38  25.50
67   85  39.00
68   97  79.00
69    9  19.50
70   41  20.25
71   87  -0.25
72   97  69.00
73    9  17.25
74   43  33.25
75   87   1.00
76   97  80.00
77   10   3.50
78   45  56.75
79   87  46.75
80   97  86.00
81   10  11.25
82   45   4.25
83   87  11.50
84   98  54.75
85   11 -13.00
86   47  32.50
87   87   2.75
88   98  26.75
89   12  24.00
90   50  54.50
91   88  48.75
92   98  80.00
93   13   2.50
94   50  -4.25
95   89  56.75
96   98  42.25
97   15   3.00
98   51  42.75
99   90  29.25
100  98   6.00
101  15   5.50
102  51  62.75
103  90  72.50
104  98 104.75
105  16  21.25
106  52  64.25
107  91  41.75
108  98  94.25
109  16  29.75
110  53  30.25
111  92  48.50
112  98  41.25
113  17   7.50
114  54  14.75
115  92  61.25
116  98  40.25
117  18 -16.50
118  54  47.25
119  92  29.50
120  99  51.50
121  20   4.50
122  56  18.00
123  92  59.75
124  99  82.75
125  20  39.00
126  57  13.75
127  93  71.00
128  99  85.00
129  21  -5.75
130  57  48.75
131  93  37.75
132  99  70.00
133  21 -21.00
134  58  43.00
135  93  41.00
136 100  92.00
137  21   0.25
138  60  27.75
139  93   9.75
140 100  73.75
141  22 -10.25
142  62  44.50
143  93  53.75
144 100  54.00
145  24  -0.50
146  64  22.50
147  94  62.50
148 100  69.50
149  25 -19.00
150  64 -14.50
151  94  39.00
152 100 101.50
153  25  15.75
154  64 -20.75
155  94   3.25
156 100  68.00
157  26   6.00
158  67  46.25
159  94  60.00
160 100  44.75
161  27  10.50
162  68  39.50
163  95 113.25
164 100  86.75