612315		10599		01792		8742		42		200091		379954		593		15113
1180817		09909		00240		7441		78		340497		604460		645		1713
784376		09628		00180		13771		6		260552		416945		618		14059
860898		09737		00440		12647		47		325645		516625		749		13387
483792		09938		00405		10128		52		144113		245393		382		15548
660284		09874		00175		13489		46		215307		344782		595		993
1453409		09752		01428		7306		46		641125		882852		1089	21841
1813908		09646		00211		14036		59		616896		977502		1298	16015
215864		10365		00754		15626		24		97349		144535		353		15323
141091		10502		00743		14797		26		64583		89203		228		9668
912072		09739		00857		17274		3		419196		469822		1087	19954
1076635		09215		00255		10604		5		420156		564790		875		16121
983131		10044		01890		4992		28		487704		787713		1134	21926
1011928		10241		01205		4066		75		418992		636376		582		17391
956352		09919		01346		3381		63		385469		633599		586		16387
562309		09558		00379		5253		41		200844		322186		461		19074
167032		10102		00377		8050		39		77504		100652		195		1294
361021		10123		00505		14000		32		158022		209915		519		1704
495902		09512		00294		15542		47		200215		290875		461		11374
173471		09734		00207		8052		44		69567		99042		218		11935
352414		09528		00325		12349		52		147118		190341		388		14665
155517		10142		00831		6849		26		73087		98766		183		14796
92773		10133		00614		10303		25		43782		58612		153		13532
514674		09645		00364		8110		46		210686		279743		532		15889
198045		09784		00191		10561		49		79052		112143		241		11358
384640		10032		00564		14918		59		112127		219192		313		12603
500060		09823		00472		19813		54		183450		269700		431		10002
207974		10180		00736		17140		36		85086		129315		241		9878
203737		10444		00929		12169		3		98910		123124		221		18986
598256		10164		00727		15370		42		245628		357285		582		1396
5226354		09686		01222		7728		38		2740093		3168920		5364	25517
664506		10241		01779		5910		27		353064		497492		773		19796
399439		10398		01274		12150		24		182055		272189		544		12943
704907		10255		01354		6303		31		335505		460133		748		17264
1732389		09996		02280		5817		44		685447		1079688		1466	17015
543432		10074		01374		6632		3		205675		348533		580		16496
2416628		09759		00876		12033		44		857686		1498361		2235	14585
671299		09813		00189		21766		76		235451		369348		685		9469
412580		10044		00322		19868		56		159380		239193		471		9395
1126707		09243		00216		7950		58		391210		614346		923		13973
357625		09412		00198		9856		45		135360		215720		340		10604
339555		09234		00346		7273		6		132482		227883		377		10607
938311		09338		00299		4495		64		312027		570210		747		15616
5964143		09387		01506		8022		37		2864928		3767288		4989	29027
1335792		10278		01409		11313		31		405430		807577		1151	14417
593472		09990		00918		9801		36		243969		370704		684		16708
299957		09953		00532		2932		35		124038		170521		288		2548
688708		09672		00323		1909		33		279922		385767		530		2788
1136181		09459		00329		2217		4		424039		582188		905		27727
301084		10159		01151		5028		31		121815		163592		437		1595
75276		10366		00420		19			8		24849		49811		22		16483
65488		10359		00462		13			9		23060		42805		20		13205